AAK   P         42.63900   74.49400  41.29500  129.08000   -0.06984498    0.02651033
ABKAR P         49.25550   59.94300  41.29500  129.08000   -0.05770874    0.03931106
AGWH  Pn        43.08420  140.81990  41.29500  129.08000    0.11920081    0.03303899
AKASG P         50.70120   29.22420  41.29500  129.08000   -0.04055075    0.04241810
ASAH  Pn        38.47040  139.76060  41.29500  129.08000    0.11921797   -0.03297703
ASAR  P        -23.66640  133.90440  41.29500  129.08000    0.00499612   -0.05834531
BEWH  Pn        43.51130  142.39060  41.29500  129.08000    0.11822286    0.03638355
BJT   Pn        40.01830  116.16790  41.29500  129.08000   -0.12350800   -0.00679578
BURAR P         47.61480   25.21680  41.29500  129.08000   -0.03945411    0.03988069
BVAR  P         53.02490   70.38850  41.29500  129.08000   -0.05911246    0.04524846
CMAR  P         18.45750   98.94290  41.29500  129.08000   -0.06580616   -0.04171016
DOT   P         63.64820 -144.06970  41.29500  129.08000    0.03730196    0.05523099
EKA   P         55.33320   -3.15880  41.29500  129.08000   -0.02251897    0.04653215
EKS2  P         42.66150   73.77719  41.29500  129.08000   -0.06944672    0.02674579
FINES P         61.44360   26.07710  41.29500  129.08000   -0.03314315    0.05195925
GERES P         48.83680   13.70190  41.29500  129.08000   -0.03279593    0.04146420
HFS   P         60.14200   13.68500  41.29500  129.08000   -0.02862424    0.05040408
ILAR  P         64.77140 -146.88660  41.29500  129.08000    0.03697113    0.05663935
INWH  Pn        37.64610  140.17350  41.29500  129.08000    0.11667645   -0.04107328
KASH  Pn        39.46300  141.67750  41.29500  129.08000    0.12286681   -0.01428827
KBK   P         42.65639   74.94781  41.29500  129.08000   -0.07009450    0.02642532
KHYH  Pn        42.48510  139.96780  41.29500  129.08000    0.12101919    0.02558839
KKIH  Pn        32.95530  129.80260  41.29500  129.08000    0.00903964   -0.12336407
KLR   Pn        49.23000  131.75000  41.29500  129.08000    0.02662237    0.12079594
KMYH  Pn        38.08130  140.29780  41.29500  129.08000    0.11848233   -0.03552951
KSRS  Pn        37.44210  127.88440  41.29500  129.08000   -0.02976677   -0.12005977
KTRH  Pn        36.24930  137.51740  41.29500  129.08000    0.10173127   -0.07036446
KUCH  Pn        41.23400  140.98960  41.29500  129.08000    0.12345775    0.00765463
KURK  P         50.62260   78.53040  41.29500  129.08000   -0.06497646    0.04167594
MDJ   Pn        44.62000  129.59000  41.29500  129.08000    0.01347683    0.12295846
MJAR  Pn        36.52470  138.24720  41.29500  129.08000    0.10634259   -0.06317960
MKAR  P         46.79370   82.29060  41.29500  129.08000   -0.07069437    0.03371559
MKIH  Pn        34.27000  134.14820  41.29500  129.08000    0.06441391   -0.10559951
MYMH  Pn        35.26850  135.55080  41.29500  129.08000    0.08323863   -0.09149721
NHWH  Pn        40.26110  141.17090  41.29500  129.08000    0.12358292   -0.00526023
NKEH  Pn        38.42570  140.12490  41.29500  129.08000    0.11946545   -0.03206890
NOA   P         61.03970   11.21480  41.29500  129.08000   -0.02709712    0.05103177
NRIK  P         69.33960   87.55500  41.29500  129.08000   -0.03137205    0.07073595
NVAR  P         38.42960 -118.30360  41.29500  129.08000    0.03597327    0.03315478
NYOH  Pn        38.10350  140.15530  41.29500  129.08000    0.11838338   -0.03585782
NZWH  Pn        36.91020  138.44080  41.29500  129.08000    0.10922317   -0.05805780
ONIH  Pn        37.98830  139.80170  41.29500  129.08000    0.11746616   -0.03875705
OWNH  Pn        40.48410  140.55650  41.29500  129.08000    0.12365026   -0.00331983
PDAR  P         42.76670 -109.55790  41.29500  129.08000    0.03048424    0.03709666
PETK  P         53.10820  157.69880  41.29500  129.08000    0.07180687    0.06304228
PSARR P        -21.57250  119.84580  41.29500  129.08000   -0.00999183   -0.05877131
RNKH  Pn        42.83090  140.48310  41.29500  129.08000    0.11999997    0.03000692
RZTH  Pn        39.03070  141.53200  41.29500  129.08000    0.12208403   -0.01989722
SADH  Pn        34.01120  134.09180  41.29500  129.08000    0.06230918   -0.10685492
SBNH  Pn        33.21220  129.76520  41.29500  129.08000    0.00881744   -0.12338015
SONM  P         47.83470  106.39500  41.29500  129.08000   -0.09745824    0.05562453
SPITS P         78.17770   16.37000  41.29500  129.08000   -0.01532323    0.06375524
SUMG  P         72.57630  -38.45390  41.29500  129.08000   -0.00410703    0.05775335
TJN   Pn        36.37720  127.36380  41.29500  129.08000   -0.03370203   -0.11901505
USRK  Pn        44.19980  131.98880  41.29500  129.08000    0.07174169    0.10076477
WRA   P        -19.94260  134.33950  41.29500  129.08000    0.00600690   -0.06063551
YKA   P         62.49320 -114.60530  41.29500  129.08000    0.02699528    0.05222157
YMTH  Pn        35.83230  136.96210  41.29500  129.08000    0.09624040   -0.07770581
YNDH  Pn        33.53880  133.00160  41.29500  129.08000    0.04868913   -0.11370918
YSDH  Pn        35.16340  132.85580  41.29500  129.08000    0.05634205   -0.11011804
YUZH  Pn        39.19130  140.47100  41.29500  129.08000    0.12188289   -0.02109431
YWTH  Pn        38.97010  140.03330  41.29500  129.08000    0.12104773   -0.02545301
YZWH  Pn        36.81140  138.78490  41.29500  129.08000    0.10970187   -0.05714812
ZALV  P         53.94810   84.81880  41.29500  129.08000   -0.06174674    0.04939615
